16 7 20
6 61.34622655980917 109.92152191920978
6 131.2738915215692 142.69550897797978
8 98.85924362372025 100.8574105773094
3 162.94416984227757 43.782033749102965
6 69.80546968163166 71.63884649045762
9 48.32276871005414 136.77999632318935
7 89.47601701530061 76.00888984238891
5 91.22127343920994 188.95894847420467
3 64.97768240048885 188.35082788809046
6 125.4126405779944 49.95078660235943
5 188.58124053842613 22.120933558020006
5 149.0824663213125 189.3640209605679
7 122.55902548381611 34.439580491160186
8 157.15985428739097 51.16447069177903
7 185.16002101151798 5.926308862308449
2 160.47555192302175 158.7868299979161
